4294967294,0
4294967278,220
4294967278,218
4294967294,473
4294967278,216
4294967279,11
4294967279,9
4294967278,214
4294967294,93
4294967294,95
4294967278,213
4294967294,50
4294967294,436
4294967294,52
4294967294,92
4294967294,88
4294967294,12
4294967294,1016
4294967294,27
4294967294,81
4294967294,1098
4294967294,1419
4294967294,83
4294967294,11
4294967294,68
4294967294,5
4294967278,324
4294967294,7
4294967279,0
4294967278,211
4294967278,132
4294967278,131
4294967278,130
4294967278,256
4294967278,129
4294967278,393
4294967278,128
4294967278,127
4294967278,255
4294967278,126
4294967278,125
4294967278,124
4294967278,123
4294967278,122
4294967278,121
4294967278,120
4294967278,119
4294967278,118
4294967278,243
4294967278,117
4294967278,116
4294967278,239
4294967278,115
4294967278,327
4294967278,114
4294967278,113
4294967278,235
4294967278,112
4294967278,111
4294967278,110
4294967278,229
4294967278,109
4294967278,108
4294967278,107
4294967278,397
4294967278,106
4294967278,221
4294967278,105
4294967278,219
4294967278,104
4294967278,217
4294967278,103
4294967278,102
4294967278,389
4294967278,101
4294967278,100
4294967278,322
4294967278,99
4294967278,98
4294967278,95
4294967278,94
4294967278,93
4294967278,92
4294967278,396
4294967278,91
4294967278,400
4294967278,90
4294967278,354
4294967278,89
4294967278,87
4294967278,352
4294967278,86
4294967278,351
4294967278,85
4294967278,319
4294967278,84
4294967278,350
4294967278,83
4294967278,82
4294967278,348
4294967278,81
4294967278,80
4294967278,347
4294967278,79
4294967278,78
4294967278,77
4294967278,76
4294967278,75
4294967278,380
4294967278,74
4294967278,343
4294967278,73
4294967278,379
4294967278,72
4294967278,378
4294967278,71
4294967278,70
4294967278,69
4294967278,68
4294967278,67
4294967278,66
4294967278,65
4294967278,64
4294967278,346
4294967278,395
4294967278,0
4294967278,260
4294967279,83
4294967279,539
4294967279,82
4294967279,81
4294967279,80
4294967279,535
4294967279,313
4294967279,74
4294967279,73
4294967279,570
4294967279,569
4294967279,71
4294967279,66
4294967279,310
4294967279,64
4294967279,63
4294967279,564
4294967279,61
4294967279,562
4294967279,59
4294967279,307
4294967279,56
4294967279,54
4294967279,53
4294967279,538
4294967279,290
4294967279,47
4294967279,533
4294967279,44
4294967279,323
4294967279,41
4294967279,40
4294967279,288
4294967279,530
4294967279,301
4294967279,33
4294967279,32
4294967279,31
4294967279,137
4294967279,284
4294967279,25
4294967279,283
4294967279,24
4294967279,282
4294967279,22
4294967279,297
4294967279,19
4294967279,18
4294967279,278
4294967279,15
4294967279,276
4294967279,13
4294967279,260
4294967279,294
4294967279,12
4294967279,273
4294967279,259
4294967279,10
4294967279,293
4294967279,8
4294967279,7
4294967279,6
4294967279,5
4294967279,4
4294967278,210
4294967278,97
4294967278,360
4294967278,96
4294967278,321
0,5
4294967278,206
4294967278,205
4294967278,204
4294967278,203
4294967278,202
4294967278,201
4294967278,200
4294967294,6
4294967294,22
4294967294,17
4294967294,1101
4294967294,67
4294967294,99
4294967294,43
4294967294,417
4294967294,51
4294967294,475
4294967294,25
4294967294,26
4294967294,82
206,6
206,5
206,4
206,3
206,2
206,1
203,7
203,6
203,5
203,4
203,3
203,2
203,1
4294967279,340
4294967279,339
199,5
199,4
199,3
199,2
199,1
197,6
197,5
197,4
197,3
197,2
197,1
4294967279,335
194,6
194,5
194,4
194,3
194,2
194,1
4294967294,437
191,5
191,4
191,3
191,2
191,1
4294967294,476
189,4
189,3
189,2
189,1
4294967278,405
188,5
188,4
188,3
188,2
188,1
4294967294,1422
4294967294,1421
186,6
186,5
186,4
186,3
186,2
186,1
185,5
185,4
185,3
185,2
185,1
4294967278,404
184,5
184,4
184,3
184,2
184,1
183,5
183,4
183,3
183,2
183,1
182,4
182,3
182,2
182,1
4294967279,296
4294967279,325
4294967293,131
4294967293,130
4294967293,129
4294967293,128
4294967293,127
4294967293,126
4294967293,125
4294967293,124
4294967293,123
4294967293,122
4294967293,121
4294967293,120
4294967293,119
4294967293,118
4294967293,117
4294967293,116
4294967293,115
4294967293,114
4294967293,113
4294967293,112
4294967293,111
4294967293,110
4294967293,109
4294967293,108
4294967293,107
4294967293,106
4294967293,105
4294967293,104
4294967293,103
4294967293,102
4294967293,101
4294967293,100
4294967293,99
4294967293,98
4294967293,97
4294967293,96
4294967293,95
4294967293,94
4294967293,93
4294967293,92
4294967293,91
